# ~/.profile: executed by the command interpreter for login shells.
# This file is not read by bash(1), if ~/.bash_profile or ~/.bash_login
# exists.
# see /usr/share/doc/bash/examples/startup-files for examples.
# the files are located in the bash-doc package.

# the default umask is set in /etc/profile; for setting the umask
# for ssh logins, install and configure the libpam-umask package.
#umask 022

# if running bash
if [ -n "$BASH_VERSION" ]; then
    # include .bashrc if it exists
    if [ -f "$HOME/.bashrc" ]; then
	. "$HOME/.bashrc"
    fi
fi

# set PATH so it includes user's private bin if it exists
if [ -d "$HOME/bin" ] ; then
    PATH="$HOME/bin:$PATH"
fi

# set PATH so it includes user's private bin if it exists
if [ -d "$HOME/.local/bin" ] ; then
    PATH="$HOME/.local/bin:$PATH"
fi

# https://github.com/sharkdp/vivid
# vivid generate jellybeans
LS_COLORS="mi=0;38;2;250;208;122;48;2;144;32;32:pi=0;38;2;240;160;192:sg=0:bd=0;38;2;207;106;76:ln=0;38;2;250;208;122:or=0;38;2;250;208;122;48;2;144;32;32:so=0;38;2;240;160;192:cd=0;38;2;207;106;76:rs=0:do=0;38;2;240;160;192:st=0:*~=3;38;2;136;136;136:ow=0:no=0:ca=0:tw=0:mh=0:ex=1;38;2;255;185;100:di=0;38;2;198;182;238:su=0:fi=0:*.z=4;38;2;250;208;122:*.c=0;38;2;129;151;191:*.r=0;38;2;129;151;191:*.p=0;38;2;129;151;191:*.t=0;38;2;129;151;191:*.o=3;38;2;136;136;136:*.m=0;38;2;129;151;191:*.a=1;38;2;255;185;100:*.h=0;38;2;129;151;191:*.d=0;38;2;129;151;191:*.7z=4;38;2;250;208;122:*.gz=4;38;2;250;208;122:*.md=0;38;2;102;135;153:*.ts=0;38;2;129;151;191:*.ml=0;38;2;129;151;191:*.py=0;38;2;129;151;191:*.pp=0;38;2;129;151;191:*.el=0;38;2;129;151;191:*.bz=4;38;2;250;208;122:*.fs=0;38;2;129;151;191:*.xz=4;38;2;250;208;122:*.hs=0;38;2;129;151;191:*.nb=0;38;2;129;151;191:*.pl=0;38;2;129;151;191:*.hh=0;38;2;129;151;191:*.la=3;38;2;136;136;136:*.mn=0;38;2;129;151;191:*.rs=0;38;2;129;151;191:*.td=0;38;2;129;151;191:*.gv=0;38;2;129;151;191:*.ex=0;38;2;129;151;191:*.jl=0;38;2;129;151;191:*.hi=3;38;2;136;136;136:*.ui=0;38;2;153;173;106:*.kt=0;38;2;129;151;191:*.bc=3;38;2;136;136;136:*.pm=0;38;2;129;151;191:*.cc=0;38;2;129;151;191:*.rb=0;38;2;129;151;191:*.lo=3;38;2;136;136;136:*.di=0;38;2;129;151;191:*.vb=0;38;2;129;151;191:*.rm=0;38;2;218;208;133:*.go=0;38;2;129;151;191:*.cs=0;38;2;129;151;191:*.sh=0;38;2;129;151;191:*.ko=1;38;2;255;185;100:*.ll=0;38;2;129;151;191:*.so=1;38;2;255;185;100:*.cr=0;38;2;129;151;191:*.ps=0;38;2;102;135;153:*.as=0;38;2;129;151;191:*.cp=0;38;2;129;151;191:*.wv=0;38;2;218;208;133:*css=0;38;2;129;151;191:*.js=0;38;2;129;151;191:*.gif=0;38;2;218;208;133:*.git=3;38;2;136;136;136:*.tgz=4;38;2;250;208;122:*.deb=4;38;2;250;208;122:*.pyo=3;38;2;136;136;136:*.c++=0;38;2;129;151;191:*.tbz=4;38;2;250;208;122:*.fon=0;38;2;218;208;133:*.png=0;38;2;218;208;133:*.pyc=3;38;2;136;136;136:*.swp=3;38;2;136;136;136:*.awk=0;38;2;129;151;191:*hgrc=0;38;2;118;151;214:*.asa=0;38;2;129;151;191:*.exe=1;38;2;255;185;100:*.php=0;38;2;129;151;191:*.mp3=0;38;2;218;208;133:*.fsi=0;38;2;129;151;191:*.log=3;38;2;136;136;136:*.aif=0;38;2;218;208;133:*.blg=3;38;2;136;136;136:*.tml=0;38;2;153;173;106:*.com=1;38;2;255;185;100:*.arj=4;38;2;250;208;122:*.mov=0;38;2;218;208;133:*.ttf=0;38;2;218;208;133:*.ps1=0;38;2;129;151;191:*.wma=0;38;2;218;208;133:*.svg=0;38;2;218;208;133:*.pkg=4;38;2;250;208;122:*.vob=0;38;2;218;208;133:*.xml=0;38;2;102;135;153:*.htc=0;38;2;129;151;191:*.aux=3;38;2;136;136;136:*.otf=0;38;2;218;208;133:*.wmv=0;38;2;218;208;133:*.wav=0;38;2;218;208;133:*.out=3;38;2;136;136;136:*.img=4;38;2;250;208;122:*.ipp=0;38;2;129;151;191:*.mli=0;38;2;129;151;191:*.cpp=0;38;2;129;151;191:*.ics=0;38;2;102;135;153:*.ico=0;38;2;218;208;133:*.avi=0;38;2;218;208;133:*.def=0;38;2;129;151;191:*.ini=0;38;2;153;173;106:*.cfg=0;38;2;153;173;106:*.vcd=4;38;2;250;208;122:*.bcf=3;38;2;136;136;136:*.dox=0;38;2;118;151;214:*.dll=1;38;2;255;185;100:*.inl=0;38;2;129;151;191:*.hxx=0;38;2;129;151;191:*.sbt=0;38;2;129;151;191:*.jar=4;38;2;250;208;122:*.vim=0;38;2;129;151;191:*.dpr=0;38;2;129;151;191:*.rst=0;38;2;102;135;153:*.xlr=0;38;2;102;135;153:*.cgi=0;38;2;129;151;191:*.rpm=4;38;2;250;208;122:*.tar=4;38;2;250;208;122:*.mir=0;38;2;129;151;191:*.inc=0;38;2;129;151;191:*.tmp=3;38;2;136;136;136:*.eps=0;38;2;218;208;133:*.pyd=3;38;2;136;136;136:*.mp4=0;38;2;218;208;133:*.erl=0;38;2;129;151;191:*.mpg=0;38;2;218;208;133:*.tex=0;38;2;129;151;191:*.dot=0;38;2;129;151;191:*.psd=0;38;2;218;208;133:*.sty=3;38;2;136;136;136:*.pdf=0;38;2;102;135;153:*.apk=4;38;2;250;208;122:*.bsh=0;38;2;129;151;191:*.swf=0;38;2;218;208;133:*TODO=0;38;2;112;185;80:*.odt=0;38;2;102;135;153:*.iso=4;38;2;250;208;122:*.yml=0;38;2;153;173;106:*.pro=0;38;2;118;151;214:*.cxx=0;38;2;129;151;191:*.mkv=0;38;2;218;208;133:*.rar=4;38;2;250;208;122:*.zsh=0;38;2;129;151;191:*.ilg=3;38;2;136;136;136:*.jpg=0;38;2;218;208;133:*.txt=0;38;2;121;157;106:*.xmp=0;38;2;153;173;106:*.xcf=0;38;2;218;208;133:*.bin=4;38;2;250;208;122:*.ogg=0;38;2;218;208;133:*.sql=0;38;2;129;151;191:*.h++=0;38;2;129;151;191:*.sxi=0;38;2;102;135;153:*.ppm=0;38;2;218;208;133:*.bbl=3;38;2;136;136;136:*.kts=0;38;2;129;151;191:*.bib=0;38;2;153;173;106:*.dmg=4;38;2;250;208;122:*.pid=3;38;2;136;136;136:*.sxw=0;38;2;102;135;153:*.idx=3;38;2;136;136;136:*.odp=0;38;2;102;135;153:*.ppt=0;38;2;102;135;153:*.bmp=0;38;2;218;208;133:*.zip=4;38;2;250;208;122:*.csx=0;38;2;129;151;191:*.xls=0;38;2;102;135;153:*.gvy=0;38;2;129;151;191:*.csv=0;38;2;102;135;153:*.ltx=0;38;2;129;151;191:*.clj=0;38;2;129;151;191:*.fnt=0;38;2;218;208;133:*.nix=0;38;2;153;173;106:*.m4v=0;38;2;218;208;133:*.fls=3;38;2;136;136;136:*.ind=3;38;2;136;136;136:*.ods=0;38;2;102;135;153:*.zst=4;38;2;250;208;122:*.rtf=0;38;2;102;135;153:*.kex=0;38;2;102;135;153:*.pbm=0;38;2;218;208;133:*.htm=0;38;2;102;135;153:*.elm=0;38;2;129;151;191:*.pod=0;38;2;129;151;191:*.tsx=0;38;2;129;151;191:*.tif=0;38;2;218;208;133:*.bak=3;38;2;136;136;136:*.toc=3;38;2;136;136;136:*.bst=0;38;2;153;173;106:*.epp=0;38;2;129;151;191:*.hpp=0;38;2;129;151;191:*.bat=1;38;2;255;185;100:*.pas=0;38;2;129;151;191:*.doc=0;38;2;102;135;153:*.mid=0;38;2;218;208;133:*.flv=0;38;2;218;208;133:*.exs=0;38;2;129;151;191:*.bz2=4;38;2;250;208;122:*.tcl=0;38;2;129;151;191:*.m4a=0;38;2;218;208;133:*.pps=0;38;2;102;135;153:*.lua=0;38;2;129;151;191:*.bag=4;38;2;250;208;122:*.fsx=0;38;2;129;151;191:*.pgm=0;38;2;218;208;133:*.lock=3;38;2;136;136;136:*.rlib=3;38;2;136;136;136:*.purs=0;38;2;129;151;191:*.yaml=0;38;2;153;173;106:*.xlsx=0;38;2;102;135;153:*.epub=0;38;2;102;135;153:*.orig=3;38;2;136;136;136:*.pptx=0;38;2;102;135;153:*.make=0;38;2;118;151;214:*.tiff=0;38;2;218;208;133:*.conf=0;38;2;153;173;106:*.psm1=0;38;2;129;151;191:*.jpeg=0;38;2;218;208;133:*.less=0;38;2;129;151;191:*.java=0;38;2;129;151;191:*.fish=0;38;2;129;151;191:*.docx=0;38;2;102;135;153:*.hgrc=0;38;2;118;151;214:*.flac=0;38;2;218;208;133:*.psd1=0;38;2;129;151;191:*.opus=0;38;2;218;208;133:*.diff=0;38;2;129;151;191:*.h264=0;38;2;218;208;133:*.webm=0;38;2;218;208;133:*.json=0;38;2;153;173;106:*.tbz2=4;38;2;250;208;122:*.lisp=0;38;2;129;151;191:*.bash=0;38;2;129;151;191:*.toml=0;38;2;153;173;106:*.html=0;38;2;102;135;153:*.dart=0;38;2;129;151;191:*.mpeg=0;38;2;218;208;133:*.dyn_o=3;38;2;136;136;136:*.mdown=0;38;2;102;135;153:*.patch=0;38;2;129;151;191:*.ipynb=0;38;2;129;151;191:*.toast=4;38;2;250;208;122:*.swift=0;38;2;129;151;191:*.class=3;38;2;136;136;136:*.cmake=0;38;2;118;151;214:*README=1;38;2;101;194;84:*.cabal=0;38;2;129;151;191:*.scala=0;38;2;129;151;191:*passwd=0;38;2;153;173;106:*.cache=3;38;2;136;136;136:*.shtml=0;38;2;102;135;153:*shadow=0;38;2;153;173;106:*.xhtml=0;38;2;102;135;153:*.groovy=0;38;2;129;151;191:*.config=0;38;2;153;173;106:*.matlab=0;38;2;129;151;191:*COPYING=3;38;2;153;173;106:*TODO.md=0;38;2;112;185;80:*.ignore=0;38;2;118;151;214:*INSTALL=1;38;2;101;194;84:*.dyn_hi=3;38;2;136;136;136:*LICENSE=3;38;2;153;173;106:*.flake8=0;38;2;118;151;214:*.gradle=0;38;2;129;151;191:*TODO.txt=0;38;2;112;185;80:*Doxyfile=0;38;2;118;151;214:*Makefile=0;38;2;118;151;214:*setup.py=0;38;2;118;151;214:*.gemspec=0;38;2;118;151;214:*.desktop=0;38;2;153;173;106:*.fdignore=0;38;2;118;151;214:*COPYRIGHT=3;38;2;153;173;106:*.kdevelop=0;38;2;118;151;214:*.rgignore=0;38;2;118;151;214:*.markdown=0;38;2;102;135;153:*.DS_Store=3;38;2;136;136;136:*README.md=1;38;2;101;194;84:*.cmake.in=0;38;2;118;151;214:*configure=0;38;2;118;151;214:*SConstruct=0;38;2;118;151;214:*.localized=3;38;2;136;136;136:*Dockerfile=0;38;2;153;173;106:*.gitignore=0;38;2;118;151;214:*CODEOWNERS=0;38;2;118;151;214:*.scons_opt=3;38;2;136;136;136:*SConscript=0;38;2;118;151;214:*README.txt=1;38;2;101;194;84:*INSTALL.md=1;38;2;101;194;84:*.gitconfig=0;38;2;118;151;214:*.synctex.gz=3;38;2;136;136;136:*Makefile.in=3;38;2;136;136;136:*.travis.yml=0;38;2;143;191;220:*Makefile.am=0;38;2;118;151;214:*MANIFEST.in=0;38;2;118;151;214:*.gitmodules=0;38;2;118;151;214:*LICENSE-MIT=3;38;2;153;173;106:*INSTALL.txt=1;38;2;101;194;84:*.applescript=0;38;2;129;151;191:*.fdb_latexmk=3;38;2;136;136;136:*appveyor.yml=0;38;2;143;191;220:*CONTRIBUTORS=1;38;2;101;194;84:*configure.ac=0;38;2;118;151;214:*.clang-format=0;38;2;118;151;214:*CMakeLists.txt=0;38;2;118;151;214:*CMakeCache.txt=3;38;2;136;136;136:*LICENSE-APACHE=3;38;2;153;173;106:*.gitattributes=0;38;2;118;151;214:*CONTRIBUTORS.md=1;38;2;101;194;84:*requirements.txt=0;38;2;118;151;214:*CONTRIBUTORS.txt=1;38;2;101;194;84:*.sconsign.dblite=3;38;2;136;136;136:*package-lock.json=3;38;2;136;136;136:*.CFUserTextEncoding=3;38;2;136;136;136"
